-32
-161
112
16
54
-147
-101
-10
27
68
57
-79
-82
195
172
16
31
78
-13
95
-46
-125
83
-76
34
118
104
-149
-31
-31
28
-244
-198
204
-20
-153
-82
4
-13
59
16
24
-39
-19
1
60
163
73
-12
108
-43
62
1
19
8
101
-61
-226
-6
-112
71
83
-35
-85
-4
94
88
33
-90
-66
36
47
-133
-98
211
-10
186
12
27
181
2
-128
-142
62
151
-65
152
-137
-97
9
-181
48
55
81
11
-28
160
-70
13
-187
118
139
-144
-76
29
-93
-173
5
62
51
-55
-134
-103
-60
-34
104
-38
33
-62
-10
-16
-28
-94
-165
-16
-46
-102
-66
-174
-58
-59
47
152
-7
117
162
75
-222
-159
55
-75
62
-74
-159
139
136
-71
-25
-17
-72
207
108
-111
29
-130
-11
-19
-12
84
178
-102
32
-1
-8
-98
124
31
-77
-93
-29
-4
48
37
-30
-186
-152
-112
-224
-75
49
75
28
-61
95
77
4
97
256
-35
-126
68
-6
-68
74
-32
-64
-3
195
-58
-10
-11
-110
99
54
98
23
-65
-33
-75
77
70
-38
-105
154
160
127
-19
-28
155
-52
-136
-129
-110
-177
-55
-54
113
-45
59
189
-151
-115
144
9
131
-36
-120
47
19
-35
-41
-90
-18
36
-33
-5
55
-257
30
45
-123
-42
-127
-11
241
-88
-169
-52
-51
-57
106
155
108
-37
-9
-45
-30
34
77
-76
55
57
173
-37
-129
131
-97
11
109
98
141
68
126
30
-95
99
-77
-16
-52
-53
-93
12
-100
17
-1
-109
-42
67
-60
-115
119
-86
-182
173
-89
22
-133
-40
21
118
-98
-26
-178
61
-40
47
49
73
27
3
-1
-77
-207
-63
-128
-8
-121
-69
51
-10
22
78
-98
3
-82
-128
-176
22
193
34
74
125
-188
1
294
-106
-155
-8
29
7
52
47
-6
57
122
-125
72
-63
-305
91
-7
-86
-14
-89
-56
-113
202
-107
82
160
153
36
209
61
19
-60
-106
-16
165
-3
52
76
-25
37
10
36
-176
-75
-51
58
-12
19
-36
86
-84
56
-114
73
98
25
21
17
-114
84
7
62
36
72
-167
-85
-15
179
-15
160
-81
134
-220
-62
-109
-181
40
128
66
93
130
43
114
48
-5
-27
-129
-39
-53
128
65
17
153
34
180
-109
6
11
159
-23
-112
86
-20
-12
-82
101
-97
116
41
-101
53
-148
178
121
-8
45
47
-74
26
-78
-107
-87
-195
-181
161
-99
-65
16
24
11
-225
-23
-99
46
39
30
156
46
-36
-95
-33
3
39
-148
133
-76
134
81
-39
-23
-134
-57
-62
-24
28
-230
27
63
143
-74
-41
-68
-17
-67
-178
59
19
-6
64
-9
43
-46
48
-68
-104
189
-20
75
-266
34
94
56
-22
1
115
-18
146
-79
103
184
-65
49
-48
88
-126
-38
52
60
-20
-29
-35
-27
80
110
-121
-78
-101
-192
-119
-47
-104
143
77
-9
23
-106
-78
48
63
113
-36
177
-63
161
-129
76
58
2
116
11
-38
66
-2
-56
25
-113
218
7
29
42
-16
-168
-63
-131
-66
-80
36
23
82
-185
200
110
45
161
-87
-190
39
-98
-109
101
2
-12
-8
-28
24
-21
-146
107
-46
73
216
-74
90
72
29
-61
-116
-85
87
-35
269
-12
109
-119
27
53
-217
43
-19
-150
42
-109
-54
-65
41
55
127
127
-103
35
259
-11
101
0
125
90
22
120
202
-83
138
-10
142
70
-142
-58
91
-29
34
-37
-44
124
-39
65
47
-91
150
-59
40
34
-80
19
-53
-130
39
8
53
-93
-24
-103
89
171
-129
209
-43
-41
-28
-61
-13
133
-143
188
-36
53
103
111
12
-91
-12
-26
21
-123
100
28
-77
32
-120
61
-170
58
103
-33
-153
42
86
34
64
64
-83
-72
134
35
77
-10
-109
-13
114
-154
-104
-158
17
116
167
4
42
112
-43
98
90
-182
271
-35
-4
120
239
160
-12
-5
-128
-34
131
70
-83
25
37
2
216
-83
2
-81
66
45
-62
-148
167
-37
84
-136
-46
95
-10
-109
-171
-28
-263
93
-134
107
2
75
-16
122
-16
20
-54
117
-212
10
-29
-116
39
58
-209
25
5
-95
-81
-153
-226
-26
24
106
28
-32
20
77
80
31
58
-204
-10
-71
-177
79
-18
89
-52
7
50
138
47
-59
82
96
-128
12
-81
-140
102
-22
62
32
-210
90
-54
108
-81
-77
-94
95
65
142
-60
-90
-122
18
-110
-92
-11
-66
-3
-33
-101
131
-72
86
0
-4
80
255
87
53
-30
100
95
182
24
-52
172
42
-63
-3
-104
-82
-33
-78
32
43
30
-148
-36
-11
35
-102
-137
-25
-96
-35
-66
-72
139
-17
20
69
78
-82
31
-158
85
19
-33
-150
-140
80
-43
-145
61
-224
30
-95
-77
-236
158
-60
-34
-152
-33
-39
235
105
182
52
55
-9
-206
-110
-198
39
73
51
-58
-154
-63
-95
144
-77
-125
73
-204
-138
107
-48
-94
90
-189
126
4
75
-95
-98
-10
-89
-81
-38
-189
79
-54
292
-123
36
10
-164
54
76
110
78
20
179
66
11
-21
-12
1
-182
1
125
109
49
189
-14
157
-58
47
31
39
25
-35
105
-56
137
44
105
93
-21
24
92